[1.0, -0.00030517578125, -6.103515625e-05, 0.0]
[7.36212883e-01 2.19521451e-01 6.40156886e-01 2.90207772e-04]
[0.0838623046875, 0.323486328125, 0.9425048828125, 0.00042724609375]
[8.39551906e-02 3.23430424e-01 9.42519838e-01 7.32437107e-04]
[0.08404541015625, 0.3233642578125, 0.9425048828125, 0.00103759765625]
[0.08508341 0.32367106 0.94232654 0.00341793]
[0.08612060546875, 0.323974609375, 0.942138671875, 0.00579833984375]
[0.09246652 0.323938   0.94138855 0.01394626]
[0.09881591796875, 0.32391357421875, 0.940673828125, 0.0220947265625]
[0.11204591 0.32753036 0.93760174 0.03275004]
[0.125244140625, 0.3310546875, 0.93426513671875, 0.04339599609375]
[0.11495997 0.33102525 0.93561098 0.04156505]
[0.10467529296875, 0.33099365234375, 0.93695068359375, 0.03973388671875]
[0.10434066 0.330112   0.93711279 0.04403729]
[0.10400390625, 0.3292236328125, 0.937255859375, 0.04833984375]
[0.09436042 0.33361824 0.93698146 0.04119877]
[0.084716796875, 0.3380126953125, 0.93670654296875, 0.0340576171875]
[0.07006779 0.33498113 0.93957734 0.00851836]
[0.05535888671875, 0.3316650390625, 0.941650390625, -0.01702880859375]
[ 0.02624576  0.3291677   0.94219043 -0.0568944 ]
[-0.0029296875, 0.32586669921875, 0.9404296875, -0.09661865234375]
[-0.03179728  0.32476601  0.93329724 -0.14990743]
[-0.060546875, 0.32244873046875, 0.92266845703125, -0.20263671875]
[-0.07838741  0.3218595   0.9117215  -0.24295223]
[-0.0960693359375, 0.32061767578125, 0.89892578125, -0.28277587890625]
[-0.10804201  0.31316207  0.88946605 -0.314812  ]
[-0.119873046875, 0.3052978515625, 0.87884521484375, -0.346435546875]
[-0.13379071  0.29859631  0.86658446 -0.37679127]
[-0.14654541015625, 0.28955078125, 0.84747314453125, -0.4039306640625]
[-0.16764354  0.29141846  0.83527502 -0.43507075]
[-0.1875, 0.2908935546875, 0.81610107421875, -0.46282958984375]
[-0.22225339  0.29994482  0.7865689  -0.49187996]
[-0.25634765625, 0.30810546875, 0.75469970703125, -0.51947021484375]
[-0.29313101  0.312903    0.72347512 -0.54106346]
[-0.3291015625, 0.31683349609375, 0.69024658203125, -0.5611572265625]
[-0.34898404  0.31433913  0.65788489 -0.58871769]
[-0.36810302734375, 0.3111572265625, 0.62408447265625, -0.614990234375]
[-0.38646068  0.31071443  0.58613728 -0.64074002]
[-0.40386962890625, 0.30950927734375, 0.5467529296875, -0.6649169921875]
[-0.4208955   0.30115059  0.50785581 -0.68864924]
[-0.4368896484375, 0.29205322265625, 0.46771240234375, -0.710693359375]
[-0.45594543  0.28464525  0.42826652 -0.72641492]
[-0.4739990234375, 0.276611328125, 0.38787841796875, -0.74053955078125]
[-0.48991473  0.27584436  0.34492004 -0.75161401]
[-0.5047607421875, 0.27447509765625, 0.30120849609375, -0.76104736328125]
[-0.5116389   0.27527944  0.27964417 -0.76435987]
[-0.51824951171875, 0.27593994140625, 0.2579345703125, -0.76727294921875]
[-0.50103666  0.27673524  0.28943921 -0.76720585]
[-0.483154296875, 0.27716064453125, 0.320556640625, -0.76611328125]
[-0.44792307  0.27991318  0.40131478 -0.74830474]
[-0.4090576171875, 0.2803955078125, 0.47882080078125, -0.72442626953125]
[-0.36111792  0.30263023  0.55901631 -0.68228261]
[-0.3092041015625, 0.321533203125, 0.633056640625, -0.63262939453125]
[-0.27421452  0.34212545  0.68314869 -0.58400723]
[-0.2374267578125, 0.3604736328125, 0.728759765625, -0.53155517578125]
[-0.19217074  0.37607163  0.76938196 -0.47926186]
[-0.1456298828125, 0.38916015625, 0.80487060546875, -0.42376708984375]
[-0.07816495  0.40538961  0.84188048 -0.3475439 ]
[-0.009765625, 0.416748046875, 0.8687744140625, -0.26715087890625]
[ 0.04811837  0.43977526  0.87949021 -0.17544034]
[0.10540771484375, 0.45733642578125, 0.8792724609375, -0.08154296875]
[ 0.12324414  0.46319612  0.87732069 -0.0238465 ]
[0.140625, 0.46734619140625, 0.87213134765625, 0.033935546875]
[0.12895801 0.41887692 0.89824067 0.03279729]
[0.11688232421875, 0.36907958984375, 0.9215087890625, 0.03155517578125]
[0.09730678 0.3080107  0.94608965 0.02398253]
[0.0772705078125, 0.2454833984375, 0.9661865234375, 0.01629638671875]
[0.05866164 0.18378401 0.98113455 0.01253977]
[0.039794921875, 0.12127685546875, 0.99176025390625, 0.00872802734375]
[ 0.01976279 -0.14197435  0.98965343  0.00622922]
[-0.00164794921875, -0.39532470703125, 0.91851806640625, 0.0032958984375]
[-0.0153042  -0.43288929  0.90130629 -0.00442932]
[-0.0289306640625, -0.4696044921875, 0.88232421875, -0.01214599609375]
[-0.0350291  -0.50201165  0.86408916 -0.01035292]
[-0.04107666015625, -0.53369140625, 0.8446044921875, -0.008544921875]
[-0.02616543 -0.55529772  0.83120736 -0.007358  ]
[-0.01123046875, -0.576416015625, 0.81707763671875, -0.00616455078125]
[-0.00354157 -0.5991491   0.80062562  0.0025342 ]
[0.004150390625, -0.621337890625, 0.783447265625, 0.01123046875]
[ 0.01129334 -0.63322589  0.77363107  0.01980919]
[0.0184326171875, -0.6448974609375, 0.7635498046875, 0.02838134765625]
[ 0.02526779 -0.63654798  0.7702721   0.02612231]
[0.0321044921875, -0.62823486328125, 0.77703857421875, 0.02386474609375]
[ 0.04861052 -0.58307448  0.81087137  0.01219802]
[0.06494140625, -0.53582763671875, 0.841796875, 0.00048828125]
[ 0.08462429 -0.47648155  0.87509686  0.00309   ]
[0.1038818359375, -0.41473388671875, 0.90399169921875, 0.00567626953125]
[ 0.10590075 -0.30977602  0.94478376  0.01440487]
[0.1065673828125, -0.20086669921875, 0.9735107421875, 0.02294921875]
[ 0.09917755 -0.09840543  0.99018858  0.00260089]
[0.0899658203125, 0.005126953125, 0.98797607421875, -0.01763916015625]
[ 0.08659128  0.0811465   0.99217305 -0.0388567 ]
[0.08197021484375, 0.1566162109375, 0.982421875, -0.0596923828125]
[ 0.04978963  0.17204769  0.96866971 -0.17204528]
[0.01690673828125, 0.18505859375, 0.9412841796875, -0.281982421875]
[-0.08862399  0.19209405  0.89883476 -0.38385119]
[-0.19207763671875, 0.19464111328125, 0.83538818359375, -0.47674560546875]
[-0.30833794  0.23006661  0.76671573 -0.51394947]
[-0.41815185546875, 0.26068115234375, 0.6820068359375, -0.5404052734375]
[-0.5267753   0.29089095  0.613629   -0.51122371]
[-0.62579345703125, 0.3157958984375, 0.5340576171875, -0.47271728515625]
[-0.68532484  0.31534507  0.48090369 -0.44678742]
[-0.74005126953125, 0.31268310546875, 0.42437744140625, -0.417724609375]
[-0.78248133  0.29002259  0.3750405  -0.40367622]
[-0.821044921875, 0.26593017578125, 0.3238525390625, -0.38763427734375]
[-0.80470445  0.26435573  0.31905953 -0.42516799]
[-0.7869873046875, 0.2623291015625, 0.313720703125, -0.46197509765625]
[-0.71427004  0.3168785   0.27205875 -0.56159627]
[-0.6273193359375, 0.3651123046875, 0.2249755859375, -0.6500244140625]
[-0.55397062  0.40087541  0.17480857 -0.70841896]
[-0.4736328125, 0.43157958984375, 0.1224365234375, -0.75787353515625]
[-0.39276193  0.469291    0.12320731 -0.78123235]
[-0.30853271484375, 0.50299072265625, 0.1229248046875, -0.79791259765625]
[-0.21751357  0.53218563  0.26110649 -0.77542873]
[-0.1202392578125, 0.54608154296875, 0.39178466796875, -0.73065185546875]
[-0.05179828  0.55213926  0.48250058 -0.67797667]
[0.0174560546875, 0.54949951171875, 0.56561279296875, -0.6146240234375]
[ 0.05767895  0.50936576  0.67499536 -0.53066083]
[0.09661865234375, 0.4578857421875, 0.76934814453125, -0.43487548828125]
[ 0.12695998  0.40252964  0.84465356 -0.3292589 ]
[0.1546630859375, 0.33880615234375, 0.90240478515625, -0.216796875]
[ 0.16595129  0.27435716  0.94158179 -0.10301483]
[0.17413330078125, 0.20477294921875, 0.963134765625, 0.0126953125]
[0.18053162 0.15036219 0.96669159 0.10152302]
[0.1846923828125, 0.09417724609375, 0.95831298828125, 0.18896484375]
[0.13195101 0.13068561 0.93854019 0.29095106]
[0.07696533203125, 0.16510009765625, 0.9033203125, 0.3883056640625]
[-0.00191295  0.26499039  0.85562627  0.44461232]
[-0.08074951171875, 0.359130859375, 0.78936767578125, 0.49127197265625]
[-0.13759175  0.49830228  0.72074135  0.46183899]
[-0.1905517578125, 0.6234130859375, 0.63177490234375, 0.41937255859375]
[-0.22133526  0.73366024  0.54040851  0.34743633]
[-0.2462158203125, 0.8243408203125, 0.43463134765625, 0.2662353515625]
[-0.29169795  0.89420067  0.31707093  0.12158743]
[-0.32501220703125, 0.9267578125, 0.186279296875, -0.02813720703125]
[-0.34263235  0.92392493  0.01757871 -0.16928318]
[-0.34356689453125, 0.8760986328125, -0.1519775390625, -0.30218505859375]
[-0.33072887  0.81851198 -0.27039828 -0.3841111 ]
[-0.30987548828125, 0.7410888671875, -0.38226318359375, -0.45672607421875]
[-0.26047133  0.7137235  -0.4273212  -0.49005107]
[-0.20941162109375, 0.68182373046875, -0.46966552734375, -0.520263671875]
[-0.1531827   0.68196795 -0.47535077 -0.53431865]
[-0.096435546875, 0.6798095703125, -0.47943115234375, -0.54656982421875]
[-0.10316387  0.70281477 -0.45049303 -0.54080001]
[-0.1097412109375, 0.72479248046875, -0.4208984375, -0.53424072265625]
[-0.18712168  0.78308585 -0.26798151 -0.52910106]
[-0.25836181640625, 0.815673828125, -0.10626220703125, -0.506591796875]
[-0.24193161  0.82889952  0.17013786 -0.47481342]
[-0.2066650390625, 0.777587890625, 0.43328857421875, -0.40606689453125]
[-0.11058361  0.70011433  0.6429563  -0.29020404]
[-0.0064697265625, 0.57177734375, 0.805908203125, -0.15325927734375]
[ 0.03972228  0.42671888  0.90310545 -0.02708659]
[0.083984375, 0.26092529296875, 0.9564208984375, 0.10040283203125]
[0.08374553 0.12719851 0.96802514 0.19933527]
[0.0811767578125, -0.01007080078125, 0.95269775390625, 0.292724609375]
[ 0.0459372  -0.03144218  0.92729659  0.3701651 ]
[0.01031494140625, -0.05255126953125, 0.8941650390625, 0.44451904296875]
[-0.05523028  0.00460894  0.84014795  0.53951811]
[-0.1197509765625, 0.06170654296875, 0.77008056640625, 0.624267578125]
[-0.15056823  0.07448786  0.72047851  0.67282351]
[-0.1805419921875, 0.08685302734375, 0.66693115234375, 0.7176513671875]
[-0.1949597   0.05948646  0.61062832  0.76523534]
[-0.2081298828125, 0.03173828125, 0.5504150390625, 0.80792236328125]
[-0.17925542 -0.01577592  0.53348554  0.82644527]
[-0.14971923828125, -0.063232421875, 0.51458740234375, 0.8419189453125]
[-0.06489639 -0.14178221  0.53101659  0.83289113]
[0.02081298828125, -0.2183837890625, 0.5401611328125, 0.81243896484375]
[ 0.09605478 -0.27243067  0.55442965  0.78048881]
[0.17034912109375, -0.32379150390625, 0.563232421875, 0.7408447265625]
[ 0.21185859 -0.37436228  0.59388493  0.67990404]
[0.25146484375, -0.42156982421875, 0.61920166015625, 0.61285400390625]
[ 0.23157088 -0.47572312  0.67480545  0.51449009]
[0.20794677734375, -0.522216796875, 0.71954345703125, 0.4078369140625]
[ 0.15955425 -0.550858    0.7546929   0.31864799]
[0.10919189453125, -0.57269287109375, 0.780517578125, 0.22552490234375]
[ 0.0384714  -0.58271408  0.80041752  0.13526287]
[-0.03277587890625, -0.58477783203125, 0.80938720703125, 0.04315185546875]
[-0.0817657  -0.53190275  0.84284442 -0.00266667]
[-0.13006591796875, -0.47454833984375, 0.86920166015625, -0.0484619140625]
[-0.19662526 -0.39816747  0.88911521 -0.11079405]
[-0.26031494140625, -0.31597900390625, 0.89605712890625, -0.1715087890625]
[-0.31488916 -0.18909061  0.89658683 -0.24743003]
[-0.36163330078125, -0.0574951171875, 0.87481689453125, -0.31719970703125]
[-0.41529289  0.06949918  0.83086279 -0.3638251 ]
[-0.4593505859375, 0.19488525390625, 0.7677001953125, -0.40203857421875]
[-0.52347072  0.31730605  0.6739875  -0.41356515]
[-0.57293701171875, 0.43084716796875, 0.5614013671875, -0.41351318359375]
[-0.60862422  0.5074339   0.45153645 -0.41012465]
[-0.63262939453125, 0.57427978515625, 0.3330078125, -0.39886474609375]
[-0.65450691  0.61780051  0.22537245 -0.37302881]
[-0.66680908203125, 0.65228271484375, 0.11444091796875, -0.34173583984375]
[-0.65291574  0.69087816  0.01400541 -0.31014876]
[-0.63067626953125, 0.72064208984375, -0.08660888671875, -0.27459716796875]
[-0.5869487   0.73657564 -0.10099536 -0.3205425 ]
[-0.54058837890625, 0.74920654296875, -0.11492919921875, -0.36505126953125]
[-0.52620997  0.74790381 -0.12385182 -0.38523198]
[-0.511474609375, 0.74609375, -0.1326904296875, -0.4051513671875]
[-0.52543804  0.74322796 -0.1049103  -0.40065059]
[-0.53887939453125, 0.7396240234375, -0.0770263671875, -0.395751953125]
[-0.52766515  0.7382811   0.05990094 -0.41583937]
[-0.50628662109375, 0.72271728515625, 0.1956787109375, -0.42791748046875]
[-0.44123895  0.67462532 -0.41720924 -0.41967286]
[-0.32427978515625, 0.5760498046875, -1.36029052734375, -0.3922119140625]
[-0.07414547  0.01710354 -0.99686872 -0.02151007]
[-0.0748291015625, 0.33807373046875, 0.91375732421875, -0.2125244140625]
[ 0.05893566  0.19221319  0.96484942 -0.16925211]
[0.19012451171875, 0.0379638671875, 0.97381591796875, -0.11859130859375]
[ 0.21255155 -0.07329396  0.97439642  0.00120577]
[0.22918701171875, -0.18255615234375, 0.94842529296875, 0.1209716796875]
[ 0.15664325 -0.15391448  0.93458623  0.27986032]
[0.07916259765625, -0.12042236328125, 0.89129638671875, 0.429931640625]
[ 0.02186063 -0.07070076  0.83879152  0.53939994]
[-0.035888671875, -0.01953125, 0.76910400390625, 0.6378173828125]
[-0.1065794   0.10112261  0.74549965  0.65011178]
[-0.17510986328125, 0.2197265625, 0.706787109375, 0.64923095703125]
[-0.20441804  0.3704532   0.7326328   0.53312933]
[-0.22601318359375, 0.5072021484375, 0.7308349609375, 0.39691162109375]
[-0.18606273  0.4496518   0.78577304  0.38177828]
[-0.14459228515625, 0.388427734375, 0.83428955078125, 0.363525390625]
[-0.01740723  0.1876711   0.93628849  0.29637884]
[0.11102294921875, -0.0264892578125, 0.971435546875, 0.20806884765625]
[ 0.13519383 -0.20103663  0.95747054  0.15670697]
[0.15478515625, -0.3687744140625, 0.91107177734375, 0.10003662109375]
[ 0.0973185  -0.40657301  0.89809653  0.13656541]
[0.03924560546875, -0.44183349609375, 0.8795166015625, 0.1722412109375]
[-0.00424694 -0.35693347  0.86072235  0.3629566 ]
[-0.04754638671875, -0.25567626953125, 0.802490234375, 0.53704833984375]
[-0.06349604 -0.21278537  0.7823843   0.58186378]
[-0.07916259765625, -0.1689453125, 0.7587890625, 0.62408447265625]
[-0.00719425 -0.25977946  0.83801928  0.47977761]
[0.0650634765625, -0.340087890625, 0.88330078125, 0.3160400390625]
[ 0.1319133  -0.37854194  0.89087668  0.21364367]
[0.19659423828125, -0.4107666015625, 0.8837890625, 0.10772705078125]
[ 0.13897336 -0.33137717  0.8908531   0.27795023]
[0.07598876953125, -0.23919677734375, 0.863525390625, 0.43743896484375]
[ 0.02009424 -0.18342737  0.8459023   0.50039976]
[-0.0360107421875, -0.125732421875, 0.81939697265625, 0.55810546875]
[ 0.00377331 -0.20360746  0.89914608  0.38738365]
[0.04339599609375, -0.272705078125, 0.94012451171875, 0.199951171875]
[ 0.05623365 -0.28055612  0.94661681  0.14846771]
[0.06890869140625, -0.28759765625, 0.95037841796875, 0.0965576171875]
[ 0.06605026 -0.26441481  0.95429322  0.12266467]
[0.0631103515625, -0.24090576171875, 0.95703125, 0.14862060546875]
[ 0.06862333 -0.21203847  0.95941247  0.17279534]
[0.07403564453125, -0.182861328125, 0.96038818359375, 0.19671630859375]
[ 0.08893344 -0.16028203  0.96172175  0.20369531]
[0.103759765625, -0.1375732421875, 0.9622802734375, 0.21051025390625]